Course,URL,instructor,Price (full),Price (discount),Rank,Category 1,Category 2,Category 3
Day Trading and Swing Trading Strategies For Stocks,www.udemy.com/course/day-trading-swing-trading-strategies-stocks/,Mohsen Hassan,199.99,11.99,4.6(460 ratings),Finance & Accounting,,Day Trading
Complete Day Trading : Stock Trading With Technical Analysis,www.udemy.com/course/day-trading-strategies-day-trading-with-technical-analysis/,"Jyoti Bansal (NCFM,NISM Certified Technical Analyst & Investment Adviser )",199.99,11.99,4.5(847 ratings),Finance & Accounting,,Day Trading
The Complete Day Trading Course (New 2019),www.udemy.com/course/the-complete-day-trading-course/,Wealthy Education,199.99,11.99,4.3(531 ratings),Finance & Accounting,,Day Trading
The Advanced Cryptocurrency Trading Course - With Strategies,www.udemy.com/course/the-advanced-cryptocurrency-trading-course-with-strategies/,Mohsen Hassan,199.99,11.99,4.7(61 ratings),Finance & Accounting,,Day Trading
The Complete Forex Trading Course (New 2019),www.udemy.com/course/the-complete-forex-trading-course/,Wealthy Education,199.99,11.99,4.2(148 ratings),Finance & Accounting,,Day Trading
Course #3 - Documenting and Review Process With Live Trades,www.udemy.com/course/philakonecourse3/,Philakone Crypto,29.99,11.99,4.5(206 ratings),Finance & Accounting,,Day Trading
Day Trading: Candlestick Trading Mastery For Daily Profit,www.udemy.com/course/candlestick-patterns-for-day-trading/,Wealthy Education,199.99,11.99,4.3(123 ratings),Finance & Accounting,,Day Trading
4 Strategies that Will Make you a Professional Day Trader,www.udemy.com/course/4-strategies-that-will-make-you-a-professional-day-trader/,Jerremy Newsome,34.99,11.99,4.2(282 ratings),Finance & Accounting,,Day Trading
Get Rich Stock Trading : My Killer Stock Trading Strategy,www.udemy.com/course/get-rich-stock-trading-my-killer-stock-trading-strategy/,Yossof Sharifi,34.99,11.99,4.1(66 ratings),Finance & Accounting,,Day Trading
Day Trading 101: How To Day Trade Stocks for Passive Income,www.udemy.com/course/day-trading-stock-market-how-to-day-trade-stocks-for-passive-income/,Luca Moschini,199.99,11.99,4.3(243 ratings),Finance & Accounting,,Day Trading
Forex Trading: The Ultimate 5 Minute Forex Scalping System,www.udemy.com/course/forex-trading-high-probability-day-trading-scalping-system/,William simpson,199.99,11.99,4.4(120 ratings),Finance & Accounting,,Day Trading
Day Trading: Technical Analysis Mastery For Daily Profit,www.udemy.com/course/technical-analysis-for-day-trading/,Wealthy Education,199.99,11.99,4.3(70 ratings),Finance & Accounting,,Day Trading
Forex Trading: Technical Analysis Mastery For Daily Profit,www.udemy.com/course/technical-analysis-for-forex-trading/,Wealthy Education,199.99,11.99,4.4(40 ratings),Finance & Accounting,,Day Trading
Technical Analysis Bootcamp For Traders & Investors 2019,www.udemy.com/course/technical-analysis-bootcamp/,Wealthy Education,199.99,11.99,4.3(104 ratings),Finance & Accounting,,Day Trading
Day Trading options: Momentum strategy part 2!,www.udemy.com/course/day-trading-options-momentum-strategy-part-2/,Carlos Garcia,0,199.99,5.0(3 ratings),Finance & Accounting,,Day Trading
Day Trading Strategies for the Stock Market,www.udemy.com/course/day-trading-strategies-for-the-stock-market/,Indian Insight,119.99,11.99,4.5(102 ratings),Finance & Accounting,,Day Trading
Top 10 USDJPY Expert Advisors: Algorithmic day trading,www.udemy.com/course/top-10-usdjpy-expert-advisors-algorithmic-day-trading/,Petko Zhivkov Aleksandrov,199.99,11.39,4.5(47 ratings),Finance & Accounting,,Day Trading
Day Trading Stocks - Gap Trading,www.udemy.com/course/daytradinggaps/,Troy Peterson,199.99,13.19,4.3(16 ratings),Finance & Accounting,,Day Trading
Price Action: The complete Price Action Masterclass A-Z,www.udemy.com/course/daytrading-masterclass/,Marco Dimmelmeier,199.99,11.39,4.2(28 ratings),Finance & Accounting,,Day Trading
How To Trade Commodity Futures for a Living,www.udemy.com/course/futures-day-trade-course/,Bruce Levy,199.99,11.39,3.6(67 ratings),Finance & Accounting,,Day Trading
Get the Winning Edge in Tennis Trading,www.udemy.com/course/get-the-winning-edge-in-tennis-trading/,Fred Carr,99.99,11.39,4.6(10 ratings),Finance & Accounting,,Day Trading
Forex trading education: Learn from A to Z with Pro trader,www.udemy.com/course/forex-trading-education-from-basics-to-advanced/,Petko Zhivkov Aleksandrov,199.99,11.39,4.4(42 ratings),Finance & Accounting,,Day Trading
Day Trading 101: A Beginner's Guide to Day Trading Stocks,www.udemy.com/course/day-trading-a-beginners-guide-to-trading-stocks/,Travis Rose,19.99,11.99,4.5(16 ratings),Finance & Accounting,,Day Trading
Intraday Scalping Strategy - Based Up On Price Action,www.udemy.com/course/intradayscalpingstrategy/,Manoj Kumar,0,24.99,4.3(38 ratings),Finance & Accounting,,Day Trading
Day Trading 102: How To Find Winning Stocks to Day Trade,www.udemy.com/course/stock-market-day-trading-find-stocks-to-day-trade-for-passive-income/,Luca Moschini,199.99,11.39,4.0(21 ratings),Finance & Accounting,,Day Trading
How to Retire on 3k with Day Trading and Option Selling,www.udemy.com/course/how-to-retire-on-3k/,Jerremy Newsome,29.99,11.39,4.5(17 ratings),Finance & Accounting,,Day Trading
"Day trading strategy for all levels, with 72% success rate",www.udemy.com/course/1-shot-1kill/,Michael Katz,94.99,13.19,3.9(74 ratings),Finance & Accounting,,Day Trading
Day Trading  / Swing Trading /  Learn In Just One Hour.,www.udemy.com/course/the-123-trading-strategy-learn-to-trade-in-one-hour/,Chris Rothery  James,134.99,11.39,4.1(68 ratings),Finance & Accounting,,Day Trading
Day Trading and Swing Trading systems for Stocks and Options,www.udemy.com/course/day-trading-and-swing-trading-with-options/,Hari Swaminathan,0,29.99,4.2(75 ratings),Finance & Accounting,,Day Trading
Chart Pattern Trading via Day Trade Stock Options Intro,www.udemy.com/course/how-to-trade-stock-options-level-1-start-day-trading/,Scott Paton,94.99,12.59,4.3(421 ratings),Finance & Accounting,,Day Trading
Day Trading in Stocks: Strategies for Beginner Investors,www.udemy.com/course/day-trading-in-stocks-strategies-for-beginner-investors/,Arvind Ranganath,79.99,11.39,4.5(43 ratings),Finance & Accounting,,Day Trading
The Ultimate Trading Course| Profitable Crypto Trader,www.udemy.com/course/alexwinkler/,Alex Winkler,199.99,11.39,5.0(3 ratings),Finance & Accounting,,Day Trading
Financial Trading for Beginners,www.udemy.com/course/financial-trading-for-beginners/,Stephen Byrne,19.99,11.39,4.7(2 ratings),Finance & Accounting,,Day Trading
TRADING FOR A LIVING: Trading Full-Time Transition Guide,www.udemy.com/course/trading-for-a-living-full-time-trader/,Triumph At Trading,194.99,11.39,2.5(23 ratings),Finance & Accounting,,Day Trading
PENNY STOCK DAY TRADING/TECHNICAL ANALYSIS,www.udemy.com/course/day-trading-for-beginners-made-simple/,Josiah David Pernell,199.99,11.39,4.2(4 ratings),Finance & Accounting,,Day Trading
How to become a successful day trader,www.udemy.com/course/a-successful-day-trader/,Moonmoon Biswas,94.99,11.39,3.6(15 ratings),Finance & Accounting,,Day Trading
Learning The Psychology Of Day Trading Penny Stocks,www.udemy.com/course/learning-the-psychology-of-day-trading-penny-stocks/,Trenton Long,199.99,11.39,4.0(14 ratings),Finance & Accounting,,Day Trading
learn the easiest way to trade,www.udemy.com/course/learn-the-easiest-way-to-trade/,Donnell Smart,24.99,11.39,4.0(4 ratings),Finance & Accounting,,Day Trading
Learn Pro Forex Trading in 3 Days - Master Program,www.udemy.com/course/learn-pro-forex-trading-in-3-days-master-program/,Shivam Soni,99.99,11.39,3.7(3 ratings),Finance & Accounting,,Day Trading
Po-Folks Guide To Stock Trading Easy Language Daily Income,www.udemy.com/course/po-folks-guide-to-stock-trading/,"Dana ""Dow"" Jones",0,24.99,5.0(1 rating),Finance & Accounting,,Day Trading
How to improve your day trading with any system,www.udemy.com/course/how-to-improve-your-day-trading-with-any-system/,Les Meehan,49.99,11.39,5.0(1 rating),Finance & Accounting,,Day Trading
How to become profitable in Day trading Indian Market,www.udemy.com/course/how-to-become-profitable-in-day-trading-indian-market/,Pawan K,19.99,11.39,4.6(2 ratings),Finance & Accounting,,Day Trading
Learn To Day Trade Crypto Like a Pro (+Bonuses),www.udemy.com/course/chartbullstradingschool/,Matthew Miller,39.99,11.39,3.1(4 ratings),Finance & Accounting,,Day Trading
The Ultimate Swing Trading Guide.,www.udemy.com/course/day-trading-plan-optimization-for-reducing-risk/,Humberto Malaspina,0,199.99,4.3(8 ratings),Finance & Accounting,,Day Trading
DAY TRADING FOR BEGGINERS MADE SIMPLE/ DOUBLE YOUR INCOME,www.udemy.com/course/trading-for-begginers-made-simple/,Josiah David Pernell,199.99,11.39,3.7(3 ratings),Finance & Accounting,,Day Trading
Forex Trading: How to Get Started and Build Your Edge,www.udemy.com/course/forex-trading-how-to-get-started/,Cody Harden,19.99,11.39,5.0(2 ratings),Finance & Accounting,,Day Trading
A Complete Guide To Trading FOREX using the RBGB Strategy,www.udemy.com/course/a-complete-guide-to-trading-forex-using-the-rbgb-strategy/,Babatope J. Adebiyi,99.99,11.39,3.9(10 ratings),Finance & Accounting,,Day Trading
Short Term Trading: Examples| Journaling |Performance Review,www.udemy.com/course/short-term-trading-examples-journaling-performance-review/,Philip Khatana,179.99,11.39,0.0(0 ratings),Finance & Accounting,,Day Trading
Cryptocurrency Trading,www.udemy.com/course/crypto2methods/,Self sage,124.99,11.39,0.0(0 ratings),Finance & Accounting,,Day Trading
Proprietary and Retail Trading for Beginners,www.udemy.com/course/prt-beginners/,Collins Bunjira,29.99,11.39,3.9(4 ratings),Finance & Accounting,,Day Trading
Leading Traders Give Their Best Strategies for Trading Gains,www.udemy.com/course/leading-traders/,Alpesh Patel,0,Free,3.9(18 ratings),Finance & Accounting,,Day Trading
Technical analysis from zero to hero using secret formulas,www.udemy.com/course/technical-analysis-from-zero-to-hero-using-secret-formulas/,Chandramouli Jayendran,0,Free,3.6(103 ratings),Finance & Accounting,,Day Trading
Futures Trading For Beginners,www.udemy.com/course/modernizedtrading/,Modernized Men,0,Free,4.4(17 ratings),Finance & Accounting,,Day Trading
Online Trading For Newbies,www.udemy.com/course/online-trading-for-newbies/,Nurudeen Amedu,0,Free,4.2(18 ratings),Finance & Accounting,,Day Trading
Open Your Day Trading Account in 5 Easy Steps,www.udemy.com/course/open-your-day-trading-account-in-5-easy-steps/,How2DayTrade Stocks,0,Free,4.3(18 ratings),Finance & Accounting,,Day Trading
Algorithm based Proprietary Day Trading Signal system,www.udemy.com/course/day-trading-proprietary-algorithm-signal-system/,Hari Swaminathan,0,Free,3.8(41 ratings),Finance & Accounting,,Day Trading
Análise Técnica: Curso para Day Trade e Análise Gráfica,www.udemy.com/course/curso-para-daytrade-e-analise-tecnica/,Guilherme Bernsts da SIlva,59.99,13.79,"4.6(2,321 ratings)",Finance & Accounting,,Day Trading
Curso de Trader em Opções Binárias do Básico ao Avançado,www.udemy.com/course/curso-de-trader-em-opcoes-binarias-do-basico-ao-avancado/,Vanderlei Foramiglio,79.99,11.39,4.4(447 ratings),Finance & Accounting,,Day Trading
Daytrading: Der komplette Daytrading Meisterkurs A-Z,www.udemy.com/course/daytrading1/,Marco Dimmelmeier,199.99,11.39,4.4(163 ratings),Finance & Accounting,,Day Trading
Curso Bolsa de Valores Day Trade e Scalp - Segredos e Sinais,www.udemy.com/course/curso-bolsa-de-valores-day-trade-e-scalp-segredos-e-sinais/,Guilherme Bernsts da SIlva,69.99,11.39,4.7(134 ratings),Finance & Accounting,,Day Trading
Tape Reading Completo - Focado em Dólar Futuro,www.udemy.com/course/tape-reading-completo-focado-em-dolar-futuro/,André Passoni,0,104.99,4.7(78 ratings),Finance & Accounting,,Day Trading
Day Trading em Mini Índice,www.udemy.com/course/day-trade-em-mini-indice-futuro/,Evaldo Junior,199.99,11.39,4.4(298 ratings),Finance & Accounting,,Day Trading
Tape Reading + Price Action- Day Trading na Bolsa de Valores,www.udemy.com/course/tape-reading-price-action-day-trading-na-bolsa-de-valores/,Evaldo Junior,199.99,11.39,4.4(117 ratings),Finance & Accounting,,Day Trading
Day Trading - Réussir sur les marchés,www.udemy.com/course/day-trading-reussir-sur-les-marches/,Antoine LEGAY,129.99,11.39,4.3(127 ratings),Finance & Accounting,,Day Trading
Daytrading: An der Börse Geld verdienen für Einsteiger,www.udemy.com/course/daytrading-kurs/,Thomas Dahlmann,99.99,11.99,4.1(158 ratings),Finance & Accounting,,Day Trading
Analise Técnica para Day Trading na Bolsa de Valores,www.udemy.com/course/analise-tecnica-para-day-trading-na-bolsa-de-valores/,Evaldo Junior,0,0,4.5(92 ratings),Finance & Accounting,,Day Trading
Le trading facile grâce à Heikin Ashi,www.udemy.com/course/le-trading-facile-grace-a-heikin-ashi/,Antoine LEGAY,0,0,4.7(56 ratings),Finance & Accounting,,Day Trading
Curso de Day Trade para iniciantes no Mini índice,www.udemy.com/course/curso-de-day-trade-para-iniciantes-no-mini-indice/,Diego Lopes de Faria,39.99,11.99,4.3(32 ratings),Finance & Accounting,,Day Trading
Forex Trading Algoritmico - Haz Dinero con Robots,www.udemy.com/course/forex-trading-algoritmico/,Eric Alexander,194.99,11.99,4.6(11 ratings),Finance & Accounting,,Day Trading
Curso de Day Trade Avançado no Mini Índice,www.udemy.com/course/curso-de-day-trade-mini-indice-e-mini-dolar/,Diego Lopes de Faria,199.99,11.99,4.7(19 ratings),Finance & Accounting,,Day Trading
DAY TRADE : Ganhando dinheiro do Zero ao Avançado.,www.udemy.com/course/daytradedozero/,Robson Oliveira,74.99,11.99,4.0(428 ratings),Finance & Accounting,,Day Trading
"Torne-se Um Trader De Verdade, Não Um Replicador De Técnicas",www.udemy.com/course/trader-de-verdade/,Rodolfo Almeida Messias,199.99,11.99,4.4(69 ratings),Finance & Accounting,,Day Trading
Day Trade - Guia Oficial Mercado de Ações para Iniciantes,www.udemy.com/course/aprenda-a-realizar-trades-na-bolsa-dos-eua/,Traders de Wall Street NYC,89.99,11.99,3.9(905 ratings),Finance & Accounting,,Day Trading
Mindset para Day Trading na Bolsa de Valores,www.udemy.com/course/mindset-para-day-trading-na-bolsa-de-valores/,Evaldo Junior,0,0,4.6(26 ratings),Finance & Accounting,,Day Trading
Ondas de Elliott - Guia Essencial ( Análise Técnica ),www.udemy.com/course/ondas-de-elliott/,Fernando Yuchi,0,0,4.7(9 ratings),Finance & Accounting,,Day Trading
Estrategias A Favor do Fluxo Tape Reading - Focado em Dolar,www.udemy.com/course/mindset-de-setup-dolar-futuro-a-favor-do-fluxo-tape-reading/,André Passoni,0,0,4.6(24 ratings),Finance & Accounting,,Day Trading
The UNIQUE Intraday trading strategy for NSE (in Hindi),www.udemy.com/course/the-unique-intraday-trading-strategy/,Abdul Rahman,0,159.99,4.7(6 ratings),Finance & Accounting,,Day Trading
Análise Técnica - Guia Essencial ( Análise Gráfica ),www.udemy.com/course/analise-tecnica-bolsa-de-valores-trader-day-trade-swing-trade/,Fernando Yuchi,0,0,3.8(17 ratings),Finance & Accounting,,Day Trading
Day Trade - Guia Oficial para Iniciantes,www.udemy.com/course/day-trade-guia-oficial-para-iniciantes/,Thiago Ferreira,39.99,11.99,4.2(7 ratings),Finance & Accounting,,Day Trading
Nifty Intraday Trading by Option Chain Analysis,www.udemy.com/course/nifty-intraday-trading-by-option-chain-analysis/,Pannkaaj More,0,0,3.4(12 ratings),Finance & Accounting,,Day Trading
Super Méthode  en Daytrading entre 40 et 70 points par jour,www.udemy.com/course/super-methode-en-daytrading-entre-40-et-70-points-par-jour/,Alex Chbil,199.99,11.39,4.2(8 ratings),Finance & Accounting,,Day Trading
Aprende Forex desde Cero hasta MetaTrader 4,www.udemy.com/course/aprende-forex-desde-cero/,Eric Alexander,194.99,11.39,0.0(0 ratings),Finance & Accounting,,Day Trading
Aprenda a alavancar sua banca nas opções binárias (AB1.0),www.udemy.com/course/aprenda-a-alavancar-sua-banca-nas-opcoes-binarias-ab10/,Maycon Paulino Paulino,24.99,11.39,3.5(5 ratings),Finance & Accounting,,Day Trading
Estrategias Contra o Fluxo Tape Reading - Focado em Dolar,www.udemy.com/course/mindset-de-setup-de-tape-reading-contra-o-fluxo/,André Passoni,0,19.99,4.5(17 ratings),Finance & Accounting,,Day Trading
Curso Day Trade - Dólar Futuro,www.udemy.com/course/curso-day-trade-dolar-futuro/,Thiago Ferreira,199.99,11.39,5.0(2 ratings),Finance & Accounting,,Day Trading
MindSet para Day Trade & Swing Trade | Análise Técnica,www.udemy.com/course/psicologia-trader-mindset/,Fernando Yuchi,49.99,11.39,4.9(4 ratings),Finance & Accounting,,Day Trading
"Mercado de Ações - Gráficos e Estratégias NYSE,Nasdaq e Dow",www.udemy.com/course/day-trade-como-operar-no-mercado-americano-de-acoes/,Traders de Wall Street NYC,139.99,11.39,4.0(88 ratings),Finance & Accounting,,Day Trading
Estrategias de Pullback Tape Reading - Treinando seu Mindset,www.udemy.com/course/mindset-de-setup-de-tape-reading-pullback-focado-dolar/,André Passoni,0,19.99,4.4(9 ratings),Finance & Accounting,,Day Trading
Mercado de Ações - Análise Técnica para Comprar Ações,www.udemy.com/course/day-trade-4-analise-tecnica-para-operacoes-long/,Traders de Wall Street NYC,139.99,11.39,4.0(18 ratings),Finance & Accounting,,Day Trading
Tecnicas Modernas de Negociación,www.udemy.com/course/tecnicas-modernas-de-negociacion/,Cristian Silva Alvarez,29.99,11.39,4.3(8 ratings),Finance & Accounting,,Day Trading
Day Trade - Do Básico ao Avançado | Completo,www.udemy.com/course/day-trading-completo/,Fernando Yuchi,164.99,11.39,4.0(2 ratings),Finance & Accounting,,Day Trading
Gerenciamento de Risco do Trader,www.udemy.com/course/gerenciamento-de-risco-do-trader/,André Passoni,0,19.99,4.7(8 ratings),Finance & Accounting,,Day Trading
Stock Trading A-Z: Become An Expert Intraday Trader in Hindi,www.udemy.com/course/no-loss-trading-strategy/,Smart Trading,29.99,11.39,3.8(5 ratings),Finance & Accounting,,Day Trading
trader em Cripto Moedas,www.udemy.com/course/trader-em-cripto-moedas/,Odilmar Sipriano Moraes,19.99,11.39,1.0(1 rating),Finance & Accounting,,Day Trading
Mercado de Ações - Análise e Seleção de Ações de Wall Street,www.udemy.com/course/masterclass-3-como-encontrar-as-melhores-acoes-do-dia/,Traders de Wall Street NYC,139.99,11.39,3.8(15 ratings),Finance & Accounting,,Day Trading
Análise Técnica Descomplicada,www.udemy.com/course/analise-tecnica-descomplicada/,Alexandre do Prado Bianchi,0,39.99,4.8(12 ratings),Finance & Accounting,,Day Trading
Apprendre à Tarder le forex,www.udemy.com/course/apprendre-a-tarder-le-forex/,Smaïne Naamoune,19.99,11.39,3.0(1 rating),Finance & Accounting,,Day Trading
Trading :  Le Money Management du Trader qui Gagne,www.udemy.com/course/trading-le-money-management-du-day-trader/,Mouhamadi SOUMAILA,134.99,11.39,3.8(4 ratings),Finance & Accounting,,Day Trading
Become An Intraday Master-Intraday Proficient Trader Program,www.udemy.com/course/intraday-market-solutions/,Sanjay Nakhale,124.99,11.39,5.0(1 rating),Finance & Accounting,,Day Trading
Mercado de Ações -  Como Utilizar os Scanners,www.udemy.com/course/5-passos-para-encontrar-as-melhores-acoes-day-trade/,Traders de Wall Street NYC,139.99,11.39,4.3(23 ratings),Finance & Accounting,,Day Trading
FOREX SECRETS اسرار الفوركس,www.udemy.com/course/forex_secrets/,Amine EL Amrani,199.99,11.39,0.0(0 ratings),Finance & Accounting,,Day Trading
"Mercado de Ações - Indices e Terminologia NYSE, Nasdaq e Dow",www.udemy.com/course/masterclass-2-indices-e-terminologia-do-mercado-americano/,Traders de Wall Street NYC,139.99,11.39,4.3(23 ratings),Finance & Accounting,,Day Trading
Aktienhandel - Börse & Aktien verstehen - DIE GRÖßTEN NO GOs,www.udemy.com/course/aktienhandel-verstehen-und-teure-fehler-an-der-boerse-vermeiden/,Leon Dawi,139.99,11.39,3.0(1 rating),Finance & Accounting,,Day Trading
Day Trade - Dicas & Táticas ( Análise Técnica),www.udemy.com/course/day-trade-curso-dicas-analise-tecnica/,Fernando Yuchi,69.99,11.39,3.0(1 rating),Finance & Accounting,,Day Trading
Forex Estrategia Ganadora,www.udemy.com/course/forex-estrategia-ganadora/,Jorge Andres Salamanca,19.99,11.39,2.4(3 ratings),Finance & Accounting,,Day Trading
Treinamento Forex para Todos (Intermediário) TDS,www.udemy.com/course/treinamento-forex-para-todos-intermediario-tds/,Vinicius de Souza,19.99,11.39,3.9(11 ratings),Finance & Accounting,,Day Trading
Mercado de Ações - Cadastre na Corretora e Comece a Operar,www.udemy.com/course/daytrade-abrindo-sua-conta-na-corretora/,Traders de Wall Street NYC,39.99,11.39,3.2(124 ratings),Finance & Accounting,,Day Trading
Análise Técnica: Day Trade para iniciantes,www.udemy.com/course/analise-grafica-curso-de-day-trade-para-iniciantes/,José Moreira,19.99,11.39,0.0(0 ratings),Finance & Accounting,,Day Trading
Trading forex pour les débutants : les bases,www.udemy.com/course/trading-forex-pour-les-debutants-les-bases/,Soumaila Kone,119.99,11.39,0.0(0 ratings),Finance & Accounting,,Day Trading
Professional Trading Through RSi in HINDI,www.udemy.com/course/earn-money-through-rsi-in-hindi/,imran ahmed Farooqi,39.99,11.39,0.0(0 ratings),Finance & Accounting,,Day Trading
Revolution - Videocorso-strategia,www.udemy.com/course/revolution-videocorso-strategia/,Giovanni Colella,0,174.99,0.0(0 ratings),Finance & Accounting,,Day Trading
Comprendre le trading en 30 min : La stratégie de trading,www.udemy.com/course/comprendre-le-trading-en-30-min-la-strategie-de-trading/,Mouhamadi SOUMAILA,39.99,11.39,0.0(0 ratings),Finance & Accounting,,Day Trading
2 titoli azionari facili e semplici per fare soldi  trading,www.udemy.com/course/2-titloli-azionari-facili-e-semplici-per-fare-soldi-trading/,Alessandro Peruch,49.99,11.39,0.0(0 ratings),Finance & Accounting,,Day Trading
Dólar Futuro Online – Gratuito,www.udemy.com/course/dolar-futuro-online-gratuito/,Marco Prado (Kim),0,Free,4.6(35 ratings),Finance & Accounting,,Day Trading
Primeiros Passos - Tape reading  -Leitura do Fluxo de ordens,www.udemy.com/course/tape-reading-na-pratica-leitura-do-fluxo-de-ordens/,André Passoni,0,Free,4.4(374 ratings),Finance & Accounting,,Day Trading
